x = [ 0 0.25*pi 0.5*pi 0.75*pi pi ]
y = [ 0; 0.25*pi; 0.5*pi; 0.75*pi; pi ]
